final_loss/test: 267.4094530746768
final_loss/val: 401.0948584607967
