final_loss/test: 265.2544838898135
final_loss/val: 394.3391003733987
