final_loss/test: 262.46705477826765
final_loss/val: 388.2138262539837
