final_loss/test: 267.0040592057691
final_loss/val: 405.5607703847476
