final_loss/test: 266.86671069867464
final_loss/val: 401.4952906516437
