final_loss/test: 259.7395960912238
final_loss/val: 389.0934728298878
